3.30148
0.721324
-0.849254
-2.35459
-1.35079
2.0507
4.18659
3.30892
-0.386645
-3.90961
-3.60203
-0.672239
2.85782
3.67194
1.29657
-1.25094
-2.5026
-1.90208
-0.786123
-1.23098
-1.59269
-1.60217
-1.04928
-0.429872
-1.48411
-2.98899
-3.51738
-2.4307
0.0823976
1.58572
1.41617
-0.181162
-2.01754
-1.3618
1.11219
5.15886
5.86605
2.76137
0.0167294
0.433869
5.98131
11.4027
10.9528
4.31804
-4.47925
-7.81491
-3.7038
3.29816
7.67318
5.14065
-0.724688
-4.94665
-6.03602
-4.73
-4.88769
-6.38596
-6.92687
-6.38003
-5.07437
-5.70031
-7.81252
-8.291
-5.53774
-0.107152
4.54896
5.15096
2.57213
-1.5133
-2.53958
0.535784
6.24372
