-3.88578e-15
-4.60743e-15
3.88578e-16
7.77156e-16
1.33227e-15
5.10703e-15
9.10383e-15
8.43769e-15
5.32907e-15
1.02141e-14
9.76996e-15
8.88178e-15
4.88498e-15
4.88498e-15
2.66454e-15
-8.88178e-16
-2.22045e-15
-3.55271e-15
-2.66454e-15
-3.10862e-15
-2.66454e-15
2.22045e-16
1.33227e-15
1.92901e-15
1.88738e-15
3.77476e-15
5.10703e-15
2.22045e-15
2.22045e-15
3.9968e-15
-4.44089e-16
2.22045e-15
4.44089e-16
-2.66454e-15
-2.66454e-15
-3.10862e-15
-3.9968e-15
-4.44089e-15
-3.55271e-15
-2.66454e-15
-4.88498e-15
-5.77316e-15
-4.44089e-15
-4.44089e-15
-2.66454e-15
-2.66454e-15
-1.77636e-15
-8.88178e-16
2.66454e-15
0
0
-1.77636e-15
-1.77636e-15
-5.32907e-15
-1.77636e-15
-5.32907e-15
-6.21725e-15
-3.55271e-15
-1.77636e-15
-7.99361e-15
-5.32907e-15
-5.32907e-15
-4.44089e-15
-1.77636e-15
-8.88178e-16
0
4.44089e-16
1.33227e-15
-4.44089e-16
-4.44089e-16
1.66533e-15
-2.08167e-15
-1.77636e-15
-6.66134e-16
-3.9968e-15
-3.55271e-15
-5.32907e-15
-2.66454e-15
-5.32907e-15
-4.44089e-15
-2.66454e-15
0
2.22045e-15
3.55271e-15
5.77316e-15
5.9952e-15
6.66134e-15
4.88498e-15
5.77316e-15
7.21645e-15
6.55032e-15
4.32987e-15
5.55112e-16
2.22045e-15
-1.11022e-15
-6.66134e-16
-1.11022e-15
-3.10862e-15
-1.77636e-15
-4.88498e-15
-8.88178e-16
5.9952e-15
0.111206
-0.118786
-0.507264
-0.581489
0.269354
2.02606
3.8677
4.79858
4.30637
2.66654
0.452292
-1.4721
-2.82693
-3.80626
-4.79486
-5.7953
-6.2607
-5.66088
-3.851
-1.17918
1.93933
4.90635
7.23681
8.54798
8.71063
7.76929
5.85031
3.23164
0.279853
-2.60707
-5.22176
-7.35453
-8.68805
-8.82183
-7.61619
-5.29356
-2.31073
0.907388
4.09994
7.21765
10.2296
12.7289
13.9588
13.1513
10.1857
5.68638
0.702753
-3.8694
-7.53519
-10.0804
-11.4748
-11.6582
-10.4534
-7.63949
-3.28921
2.00515
7.2459
11.4141
13.8131
14.1949
12.7423
9.92891
6.33566
2.37594
-1.70309
-5.63722
-8.96981
-11.1489
-11.7202
-10.4825
-7.62443
-3.69976
0.498405
4.27864
7.26611
9.3573
10.4793
10.5064
9.25819
6.76159
3.27326
-0.631985
-4.24543
-6.94238
-8.49897
-8.99165
-8.60842
-7.41636
-5.50282
-3.05662
-0.304253
2.46495
4.75735
6.0985
6.21899
5.31649
3.82747
2.21162
1.02361
0.993061
2.71136
5.75286
8.67228
9.74838
8.22874
4.87076
1.19136
-1.79932
-4.30349
-7.16957
-10.8974
-14.868
-17.6929
-18.091
-15.7149
-11.2685
-5.82958
-0.342273
4.64381
8.6517
11.2206
11.8172
10.1452
6.38981
1.1103
-4.97161
-11.3683
-17.6594
-23.1879
-27.0164
-28.3248
-26.8697
-22.9955
-17.3042
-10.1367
-1.61447
7.75187
16.6057
22.9549
25.1568
22.9257
17.3513
10.0564
2.19995
-5.7649
-13.6637
-20.8342
-26.0685
-28.0153
-25.8562
-19.7257
-10.6641
-0.292559
9.74473
18.1606
24.2307
27.6899
28.5563
26.9374
22.9081
16.6364
8.6102
-0.130096
-8.07578
-13.6924
-15.9733
-14.8129
-10.9204
-5.35545
1.03454
7.82193
14.7199
21.1269
25.9731
28.1345
27.0526
23.0981
17.304
10.8072
4.35159
-1.7125
-7.14682
-11.5366
-14.2497
-14.7987
-13.1835
-9.93142
-5.83082
-1.56545
2.35089
5.57667
7.81889
8.90718
8.93706
8.26582
7.44116
7.00745
7.31808
8.18077
8.91786
8.70904
7.11085
4.29117
0.873313
-2.57171
-5.81663
-9.01454
-12.453
-16.173
-19.695
-22.1006
-22.4299
-20.226
-15.9263
-10.7059
-5.89415
-2.31321
-0.098486
0.991674
1.07158
-0.0941883
-2.91862
-7.58559
-13.6876
-20.2734
-26.1475
-30.3435
-32.4454
-32.5098
-30.7007
-26.961
-21.1115
-13.326
-4.49956
3.91923
10.5365
14.5427
15.8123
14.5976
11.207
6.01075
-0.374451
-7.02761
-12.9416
-17.297
-19.5584
-19.3541
-16.4438
-10.8946
-3.31077
5.11607
12.987
19.2156
23.4081
25.7458
26.4976
25.6464
22.9277
18.3133
12.4394
6.61135
2.20688
0.0169582
-0.022624
1.50371
4.01585
7.27512
11.303
15.9326
20.5494
24.2496
26.2931
26.4571
25.0017
22.3549
18.8502
14.7359
10.3157
6.00838
2.21807
-0.808874
-2.98015
-4.26764
-4.59299
-3.88207
-2.27549
-0.236836
1.55081
2.5317
2.6073
2.23091
2.09299
2.69924
4.11664
5.99724
7.75661
8.79491
8.72154
7.53418
5.67316
3.78119
2.23901
0.80531
-1.23487
-4.44467
-8.58761
-12.5453
-14.9699
-15.1852
-13.6263
-11.468
-9.76136
-8.77454
-8.01791
-6.87908
-5.29329
-3.90099
-3.58162
-4.77475
-7.17148
-9.97833
-12.5075
-14.5434
-16.2352
-17.7069
-18.7941
-19.1094
-18.3343
-16.4245
-13.5941
-10.2026
-6.68109
-3.52439
-1.22709
-0.101729
-0.102082
-0.874131
-2.00508
-3.30824
-4.85606
-6.71765
-8.62965
-9.92752
-9.87189
-8.16218
-5.19582
-1.85358
1.04743
3.22203
4.9406
6.6132
8.33277
9.70871
10.1708
9.4374
7.80149
5.97879
4.68495
4.23703
4.49797
5.10533
5.80209
6.60507
7.70896
9.2595
11.1448
12.9672
14.2252
14.5874
14.0705
13.0363
11.9525
11.094
10.4235
9.73317
8.8601
7.86573
7.02972
6.65959
6.81652
7.263
7.58825
7.52887
7.09393
6.49166
5.87802
5.20089
4.32244
3.23036
2.22559
1.76324
2.15086
3.24063
4.48757
5.27545
5.30384
4.72724
3.9474
3.24481
2.57064
1.62417
0.0878635
-2.01073
-4.2853
-6.14197
-7.10808
-7.09061
-6.43975
-5.71276
-5.3413
-5.38035
-5.52429
-5.46195
-5.16268
-4.91408
-4.98388
-5.3649
-5.79973
-6.09592
-6.32708
-6.72863
-7.42062
-8.25363
-8.94138
-9.34045
-9.54753
-9.79798
-10.1951
-10.6363
-10.9495
-11.1073
-11.2225
-11.4093
-11.6832
-11.9259
-12.0121
-11.8588
-11.4458
-10.7979
-9.98603
-9.08922
-8.19066
-7.29442
-6.2989
-5.04653
-3.52989
-2.02488
-0.967948
-0.678268
-1.03327
-1.51645
-1.55032
-1.01154
-0.335868
-0.185617
-0.799816
-1.66269
-1.89643
-0.966951
0.900083
2.96697
4.61417
5.75587
6.77212
8.00944
9.43026
10.64
11.2355
11.1297
10.4877
9.54765
8.45407
7.3545
6.4256
5.92762
6.04547
6.79775
8.0069
9.5074
11.1962
12.9707
14.7175
16.1524
16.9618
17.0329
16.4058
15.1823
13.5407
11.6706
9.56825
7.30156
5.15577
3.56984
2.89257
3.10365
3.73223
4.15193
3.98709
3.39494
2.6831
1.21159
1.01935
2.22475
4.3681
6.08033
6.25921
4.7896
2.23391
-0.575938
-3.0118
-4.21239
-5.10891
-6.22251
-7.73346
-9.14732
-9.89812
-9.91858
-9.27396
-8.15704
-6.88416
-6.36637
-6.72184
-7.92376
-9.59701
-11.529
-13.6946
-16.1491
-18.9873
-22.0669
-25.0945
-27.5418
-29.1904
-30.1979
-30.9141
-31.2937
-30.9773
-29.6074
-27.1302
-23.7296
-19.917
-16.3543
-13.34
-10.8905
-8.87053
-7.46268
-6.91834
-7.2972
-8.18498
-8.98738
-9.48527
-9.7343
-9.805
-9.54467
-8.62932
-6.77696
-4.0186
-0.761522
2.45665
5.34291
7.95847
10.4829
12.9147
14.9337
16.2862
16.946
17.0614
16.7589
16.2216
15.7162
15.5077
15.8084
16.6445
17.931
19.4823
21.1485
22.9227
24.8896
26.9144
28.74
29.9334
30.3227
29.9298
28.8768
27.1099
24.6539
21.5422
17.9987
14.2695
10.8344
8.14891
6.15979
4.34283
2.40848
0.41388
-1.09689
-1.67674
-1.07533
0.818896
3.85443
